  0.00000000E+00  0.00000000E+00  0.00000000E+00  0.00000000E+00  1.00000000E+00  0.00000000E+00  0.00000000E+00  1.76687217E-05  0.00000000E+00
 -1.32673267E-01  0.00000000E+00  0.00000000E+00 -1.00497512E-01  5.12529674E-01  2.34416704E-06  0.00000000E+00  1.73899764E-05  4.33319994E-06
 -1.32673267E-01  0.00000000E+00 -1.00497512E-01 -1.00497512E-01  6.13013094E-01  2.36780887E-06  0.00000000E+00  1.75664980E-05  4.37065821E-06
 -1.32673267E-01  0.00000000E+00 -1.00497512E-01 -1.00497512E-01  6.12984908E-01  2.41555863E-06  0.00000000E+00  1.79221914E-05  4.45185912E-06
 -1.32673267E-01  0.00000000E+00 -1.00497512E-01 -1.00497512E-01  6.12942629E-01  2.48797596E-06  0.00000000E+00  1.84609963E-05  4.57855659E-06
 -1.32673267E-01  0.00000000E+00 -1.00497512E-01 -1.00497512E-01  6.12886257E-01  2.58580112E-06  0.00000000E+00  1.91883640E-05  4.75217171E-06
 -1.32673267E-01  0.00000000E+00 -1.00497512E-01 -1.00497512E-01  6.12815792E-01  2.70999395E-06  0.00000000E+00  2.01114196E-05  4.97444975E-06
 -1.32673267E-01  0.00000000E+00 -1.00497512E-01 -1.00497512E-01  6.12731234E-01  2.86174708E-06  0.00000000E+00  2.12390270E-05  5.24756503E-06
 -1.32673267E-01  0.00000000E+00 -1.00497512E-01 -1.00497512E-01  6.12632584E-01  3.04248972E-06  0.00000000E+00  2.25818089E-05  5.57413892E-06
 -1.32673267E-01  0.00000000E+00 -1.00497512E-01 -1.00497512E-01  6.12519840E-01  3.25388757E-06  0.00000000E+00  2.41521443E-05  5.95724226E-06
 -1.32673267E-01  0.00000000E+00 -1.00497512E-01 -1.00497512E-01  6.12393003E-01  3.49784024E-06  0.00000000E+00  2.59641487E-05  6.40039249E-06
 -1.32673267E-01  0.00000000E+00 -1.00497512E-01 -1.00497512E-01  6.12252073E-01  3.77647621E-06  0.00000000E+00  2.80336370E-05  6.90754662E-06
 -1.32673267E-01  0.00000000E+00 -1.00497512E-01 -1.00497512E-01  6.12097051E-01  4.09214491E-06  0.00000000E+00  3.03780647E-05  7.48308917E-06
 -1.32673267E-01  0.00000000E+00 -1.00497512E-01 -1.00497512E-01  6.11927935E-01  4.44740520E-06  0.00000000E+00  3.30164425E-05  8.13181384E-06
 -1.32673267E-01  0.00000000E+00 -1.00497512E-01 -1.00497512E-01  6.11744727E-01  4.84500944E-06  0.00000000E+00  3.59692177E-05  8.85889747E-06
 -1.32673267E-01  0.00000000E+00 -1.00497512E-01 -1.00497512E-01  6.11547425E-01  5.28788206E-06  0.00000000E+00  3.92581156E-05  9.66986420E-06
 -1.32673267E-01  0.00000000E+00 -1.00497512E-01 -1.00497512E-01  6.11336030E-01  5.77909170E-06  0.00000000E+00  4.29059324E-05  1.05705381E-05
 -1.32673267E-01  0.00000000E+00 -1.00497512E-01 -1.00497512E-01  6.11110543E-01  6.32181551E-06  0.00000000E+00  4.69362706E-05  1.15669818E-05
 -1.32673267E-01  0.00000000E+00 -1.00497512E-01 -1.00497512E-01  6.10870963E-01  6.91929444E-06  0.00000000E+00  5.13732065E-05  1.26654185E-05
 -1.32673267E-01  0.00000000E+00 -1.00497512E-01 -1.00497512E-01  6.10617289E-01  7.57477813E-06  0.00000000E+00  5.62408811E-05  1.38721352E-05
 -1.32673267E-01  0.00000000E+00 -1.00497512E-01 -1.00497512E-01  6.10349523E-01  8.29145772E-06  0.00000000E+00  6.15630015E-05  1.51933637E-05
 -1.32673267E-01  0.00000000E+00 -1.00497512E-01 -1.00497512E-01  6.10067663E-01  9.07238544E-06  0.00000000E+00  6.73622432E-05  1.66351366E-05
 -1.32673267E-01  0.00000000E+00 -1.00497512E-01 -1.00497512E-01  6.09771711E-01  9.92037912E-06  0.00000000E+00  7.36595413E-05  1.82031162E-05
 -1.32673267E-01  0.00000000E+00 -1.00497512E-01 -1.00497512E-01  6.09461666E-01  1.08379104E-05  0.00000000E+00  8.04732597E-05  1.99023914E-05
 -1.32673267E-01  0.00000000E+00 -1.00497512E-01 -1.00497512E-01  6.09137527E-01  1.18269751E-05  0.00000000E+00  8.78182291E-05  2.17372424E-05
 -1.32673267E-01  0.00000000E+00 -1.00497512E-01 -1.00497512E-01  6.08799296E-01  1.28889449E-05  0.00000000E+00  9.57046431E-05  2.37108677E-05
 -1.32673267E-01  0.00000000E+00 -1.00497512E-01 -1.00497512E-01  6.08446972E-01  1.40243987E-05  0.00000000E+00  1.04136808E-04  2.58250739E-05
 -1.32673267E-01  0.00000000E+00 -1.00497512E-01 -1.00497512E-01  6.08080555E-01  1.52329336E-05  0.00000000E+00  1.13111737E-04  2.80799245E-05
 -1.32673267E-01  0.00000000E+00 -1.00497512E-01 -1.00497512E-01  6.07700044E-01  1.65129553E-05  0.00000000E+00  1.22617591E-04  3.04733483E-05
 -1.32673267E-01  0.00000000E+00 -1.00497512E-01 -1.00497512E-01  6.07305441E-01  1.78614473E-05  0.00000000E+00  1.32631970E-04  3.30007056E-05
 -1.32673267E-01  0.00000000E+00 -1.00497512E-01 -1.00497512E-01  6.06896745E-01  1.92737206E-05  0.00000000E+00  1.43120044E-04  3.56543140E-05
 -1.32673267E-01  0.00000000E+00 -1.00497512E-01 -1.00497512E-01  6.06473956E-01  2.07431447E-05  0.00000000E+00  1.54032562E-04  3.84229352E-05
 -1.32673267E-01  0.00000000E+00 -1.00497512E-01 -1.00497512E-01  6.06037074E-01  2.22608619E-05  0.00000000E+00  1.65303720E-04  4.12912258E-05
 -1.32673267E-01  0.00000000E+00 -1.00497512E-01 -1.00497512E-01  6.05586099E-01  2.38154873E-05  0.00000000E+00  1.76848940E-04  4.42391553E-05
 -1.32673267E-01  0.00000000E+00 -1.00497512E-01 -1.00497512E-01  6.05121031E-01  2.53927985E-05  0.00000000E+00  1.88562557E-04  4.72413983E-05
 -1.32673267E-01  0.00000000E+00 -1.00497512E-01 -1.00497512E-01  6.04641870E-01  2.69754179E-05  0.00000000E+00  2.00315458E-04  5.02667064E-05
 -1.32673267E-01  0.00000000E+00 -1.00497512E-01 -1.00497512E-01  6.04148616E-01  2.85424966E-05  0.00000000E+00  2.11952731E-04  5.32772742E-05
 -1.32673267E-01  0.00000000E+00 -1.00497512E-01 -1.00497512E-01  6.03641269E-01  3.00694255E-05  0.00000000E+00  2.23291475E-04  5.62281068E-05
 -1.32673267E-01  0.00000000E+00 -1.00497512E-01 -1.00497512E-01  6.03119830E-01  3.15274969E-05  0.00000000E+00  2.34118731E-04  5.90666736E-05
 -1.32673267E-01  0.00000000E+00 -1.00497512E-01 -1.00497512E-01  6.02584297E-01  3.28846320E-05  0.00000000E+00  2.44193563E-04  6.17315105E-05
 -1.32673267E-01  0.00000000E+00 -1.00497512E-01 -1.00497512E-01  6.02034671E-01  3.41012801E-05  0.00000000E+00  2.53237960E-04  6.41611467E-05
 -1.32673267E-01  0.00000000E+00 -1.00497512E-01 -1.00497512E-01  6.01470952E-01  3.51617381E-05  0.00000000E+00  2.61044680E-04  6.62533778E-05
 -1.32673267E-01  0.00000000E+00 -1.00497512E-01 -1.00497512E-01  6.00893140E-01  3.59333333E-05  0.00000000E+00  2.67115985E-04  6.81391656E-05
 -1.32673267E-01  0.00000000E+00 -1.00497512E-01  0.00000000E+00  4.99803723E-01  3.70108908E-05  0.00000000E+00  2.72296496E-04  8.18533801E-05
  0.00000000E+00  0.00000000E+00  0.00000000E+00  0.00000000E+00  1.00000000E+00  0.00000000E+00  0.00000000E+00  0.00000000E+00  0.00000000E+00
  0.00000000E+00  0.00000000E+00  0.00000000E+00  0.00000000E+00  1.00000000E+00  0.00000000E+00  0.00000000E+00  0.00000000E+00  0.00000000E+00
  0.00000000E+00  0.00000000E+00  0.00000000E+00  0.00000000E+00  1.00000000E+00  0.00000000E+00  0.00000000E+00  0.00000000E+00  0.00000000E+00
  0.00000000E+00  0.00000000E+00  0.00000000E+00  0.00000000E+00  1.00000000E+00  0.00000000E+00  0.00000000E+00  0.00000000E+00  0.00000000E+00
  0.00000000E+00  0.00000000E+00  0.00000000E+00  0.00000000E+00  1.00000000E+00  0.00000000E+00  0.00000000E+00  0.00000000E+00  0.00000000E+00
  0.00000000E+00  0.00000000E+00  0.00000000E+00  0.00000000E+00  1.00000000E+00  0.00000000E+00  0.00000000E+00  0.00000000E+00  0.00000000E+00
  0.00000000E+00  0.00000000E+00  0.00000000E+00  0.00000000E+00  1.00000000E+00  0.00000000E+00  0.00000000E+00  0.00000000E+00  0.00000000E+00
  0.00000000E+00  0.00000000E+00  0.00000000E+00  0.00000000E+00  1.00000000E+00  0.00000000E+00  0.00000000E+00  0.00000000E+00  0.00000000E+00
  0.00000000E+00  0.00000000E+00  0.00000000E+00  0.00000000E+00  1.00000000E+00  0.00000000E+00  0.00000000E+00  0.00000000E+00  0.00000000E+00
  0.00000000E+00  0.00000000E+00  0.00000000E+00  0.00000000E+00  1.00000000E+00  0.00000000E+00  0.00000000E+00  0.00000000E+00  0.00000000E+00
  0.00000000E+00  0.00000000E+00  0.00000000E+00  0.00000000E+00  1.00000000E+00  0.00000000E+00  0.00000000E+00  0.00000000E+00  0.00000000E+00
  0.00000000E+00  0.00000000E+00  0.00000000E+00  0.00000000E+00  1.00000000E+00  0.00000000E+00  0.00000000E+00  0.00000000E+00  0.00000000E+00
  0.00000000E+00  0.00000000E+00  0.00000000E+00  0.00000000E+00  1.00000000E+00  0.00000000E+00  0.00000000E+00  0.00000000E+00  0.00000000E+00
  0.00000000E+00  0.00000000E+00  0.00000000E+00  0.00000000E+00  1.00000000E+00  0.00000000E+00  0.00000000E+00  0.00000000E+00  0.00000000E+00
 -1.00000000E+00  0.00000000E+00  0.00000000E+00  0.00000000E+00  1.00000000E+00  1.59683856E-05  0.00000000E+00  1.51578693E-05  1.32666648E-05
 -1.00000000E+00  0.00000000E+00  0.00000000E+00  0.00000000E+00  1.00000000E+00  1.61103395E-05  0.00000000E+00  1.52954363E-05  1.33939957E-05
 -1.00000000E+00  0.00000000E+00  0.00000000E+00  0.00000000E+00  1.00000000E+00  1.63647589E-05  0.00000000E+00  1.55399964E-05  1.36155504E-05
 -1.00000000E+00  0.00000000E+00  0.00000000E+00  0.00000000E+00  1.00000000E+00  1.67114055E-05  0.00000000E+00  1.58719526E-05  1.39132291E-05
 -1.00000000E+00  0.00000000E+00  0.00000000E+00  0.00000000E+00  1.00000000E+00  1.71360077E-05  0.00000000E+00  1.62777665E-05  1.42752037E-05
 -1.00000000E+00  0.00000000E+00  0.00000000E+00  0.00000000E+00  1.00000000E+00  1.76280038E-05  0.00000000E+00  1.67474693E-05  1.46928889E-05
 -1.00000000E+00  0.00000000E+00  0.00000000E+00  0.00000000E+00  1.00000000E+00  1.81792056E-05  0.00000000E+00  1.72733364E-05  1.51596418E-05
 -1.00000000E+00  0.00000000E+00  0.00000000E+00  0.00000000E+00  1.00000000E+00  1.87830011E-05  0.00000000E+00  1.78491262E-05  1.56700847E-05
 -1.00000000E+00  0.00000000E+00  0.00000000E+00  0.00000000E+00  1.00000000E+00  1.94338554E-05  0.00000000E+00  1.84696089E-05  1.62197003E-05
 -1.00000000E+00  0.00000000E+00  0.00000000E+00  0.00000000E+00  1.00000000E+00  2.01269829E-05  0.00000000E+00  1.91302586E-05  1.68045684E-05
 -1.00000000E+00  0.00000000E+00  0.00000000E+00  0.00000000E+00  1.00000000E+00  2.08581218E-05  0.00000000E+00  1.98270409E-05  1.74211854E-05
 -1.00000000E+00  0.00000000E+00  0.00000000E+00  0.00000000E+00  1.00000000E+00  2.16233736E-05  0.00000000E+00  2.05562620E-05  1.80663349E-05
 -1.00000000E+00  0.00000000E+00  0.00000000E+00  0.00000000E+00  1.00000000E+00  2.24190859E-05  0.00000000E+00  2.13144581E-05  1.87369932E-05
 -1.00000000E+00  0.00000000E+00  0.00000000E+00  0.00000000E+00  1.00000000E+00  2.32417644E-05  0.00000000E+00  2.20983125E-05  1.94302579E-05
 -1.00000000E+00  0.00000000E+00  0.00000000E+00  0.00000000E+00  1.00000000E+00  2.40880061E-05  0.00000000E+00  2.29045925E-05  2.01432942E-05
 -1.00000000E+00  0.00000000E+00  0.00000000E+00  0.00000000E+00  1.00000000E+00  2.49544477E-05  0.00000000E+00  2.37301011E-05  2.08732925E-05
 -1.00000000E+00  0.00000000E+00  0.00000000E+00  0.00000000E+00  1.00000000E+00  2.58377266E-05  0.00000000E+00  2.45716397E-05  2.16174370E-05
 -1.00000000E+00  0.00000000E+00  0.00000000E+00  0.00000000E+00  1.00000000E+00  2.67344508E-05  0.00000000E+00  2.54259801E-05  2.23728816E-05
 -1.00000000E+00  0.00000000E+00  0.00000000E+00  0.00000000E+00  1.00000000E+00  2.76411768E-05  0.00000000E+00  2.62898432E-05  2.31367316E-05
 -1.00000000E+00  0.00000000E+00  0.00000000E+00  0.00000000E+00  1.00000000E+00  2.85543939E-05  0.00000000E+00  2.71598851E-05  2.39060313E-05
 -1.00000000E+00  0.00000000E+00  0.00000000E+00  0.00000000E+00  1.00000000E+00  2.94705147E-05  0.00000000E+00  2.80326874E-05  2.46777571E-05
 -1.00000000E+00  0.00000000E+00  0.00000000E+00  0.00000000E+00  1.00000000E+00  3.03858708E-05  0.00000000E+00  2.89047536E-05  2.54488135E-05
 -1.00000000E+00  0.00000000E+00  0.00000000E+00  0.00000000E+00  1.00000000E+00  3.12967125E-05  0.00000000E+00  2.97725091E-05  2.62160344E-05
 -1.00000000E+00  0.00000000E+00  0.00000000E+00  0.00000000E+00  1.00000000E+00  3.21992144E-05  0.00000000E+00  3.06323063E-05  2.69761874E-05
 -1.00000000E+00  0.00000000E+00  0.00000000E+00  0.00000000E+00  1.00000000E+00  3.30894839E-05  0.00000000E+00  3.14804332E-05  2.77259818E-05
 -1.00000000E+00  0.00000000E+00  0.00000000E+00  0.00000000E+00  1.00000000E+00  3.39635738E-05  0.00000000E+00  3.23131257E-05  2.84620801E-05
 -1.00000000E+00  0.00000000E+00  0.00000000E+00  0.00000000E+00  1.00000000E+00  3.48174991E-05  0.00000000E+00  3.31265829E-05  2.91811117E-05
 -1.00000000E+00  0.00000000E+00  0.00000000E+00  0.00000000E+00  1.00000000E+00  3.56472560E-05  0.00000000E+00  3.39169861E-05  2.98796898E-05
 -1.00000000E+00  0.00000000E+00  0.00000000E+00  0.00000000E+00  1.00000000E+00  3.64488442E-05  0.00000000E+00  3.46805201E-05  3.05544306E-05
 -1.00000000E+00  0.00000000E+00  0.00000000E+00  0.00000000E+00  1.00000000E+00  3.72182909E-05  0.00000000E+00  3.54133958E-05  3.12019738E-05
 -1.00000000E+00  0.00000000E+00  0.00000000E+00  0.00000000E+00  1.00000000E+00  3.79516765E-05  0.00000000E+00  3.61118750E-05  3.18190046E-05
 -1.00000000E+00  0.00000000E+00  0.00000000E+00  0.00000000E+00  1.00000000E+00  3.86451604E-05  0.00000000E+00  3.67722950E-05  3.24022757E-05
 -1.00000000E+00  0.00000000E+00  0.00000000E+00  0.00000000E+00  1.00000000E+00  3.92950055E-05  0.00000000E+00  3.73910923E-05  3.29486282E-05
 -1.00000000E+00  0.00000000E+00  0.00000000E+00  0.00000000E+00  1.00000000E+00  3.98975994E-05  0.00000000E+00  3.79648224E-05  3.34550096E-05
 -1.00000000E+00  0.00000000E+00  0.00000000E+00  0.00000000E+00  1.00000000E+00  4.04494676E-05  0.00000000E+00  3.84901726E-05  3.39184843E-05
 -1.00000000E+00  0.00000000E+00  0.00000000E+00  0.00000000E+00  1.00000000E+00  4.09472705E-05  0.00000000E+00  3.89639591E-05  3.43362325E-05
 -1.00000000E+00  0.00000000E+00  0.00000000E+00  0.00000000E+00  1.00000000E+00  4.13877724E-05  0.00000000E+00  3.93830958E-05  3.47055169E-05
 -1.00000000E+00  0.00000000E+00  0.00000000E+00  0.00000000E+00  1.00000000E+00  4.17677371E-05  0.00000000E+00  3.97444978E-05  3.50236061E-05
 -1.00000000E+00  0.00000000E+00  0.00000000E+00  0.00000000E+00  1.00000000E+00  4.20836530E-05  0.00000000E+00  4.00448331E-05  3.52875867E-05
 -1.00000000E+00  0.00000000E+00  0.00000000E+00  0.00000000E+00  1.00000000E+00  4.23317184E-05  0.00000000E+00  4.02801945E-05  3.54933055E-05
 -1.00000000E+00  0.00000000E+00  0.00000000E+00  0.00000000E+00  1.00000000E+00  4.25012434E-05  0.00000000E+00  4.04426752E-05  3.56393494E-05
 -1.00000000E+00  0.00000000E+00  0.00000000E+00  0.00000000E+00  1.00000000E+00  4.26079829E-05  0.00000000E+00  4.05308320E-05  3.56841464E-05
 -1.00000000E+00  0.00000000E+00  0.00000000E+00  0.00000000E+00  1.00000000E+00  4.24405028E-05  0.00000000E+00  4.04468974E-05  3.57951517E-05
 -1.00000000E+00  0.00000000E+00  0.00000000E+00  0.00000000E+00  1.00000000E+00  4.29647892E-05  0.00000000E+00  4.01772566E-05  3.36730137E-05
  0.00000000E+00  0.00000000E+00  0.00000000E+00  0.00000000E+00  1.00000000E+00  0.00000000E+00  0.00000000E+00  4.29647892E-05  0.00000000E+00
