 -0.13267326732673265        0.0000000000000000        0.0000000000000000      -0.10049751243781098       0.51154450258923279        0.0000000000000000        0.0000000000000000        9.5373984810178986E-004
 -0.13267326732673265        0.0000000000000000      -0.10049751243781098      -0.10049751243781098       0.61202792205809575        0.0000000000000000        0.0000000000000000        9.5966246490584474E-004
 -0.13267326732673265        0.0000000000000000      -0.10049751243781098      -0.10049751243781098       0.61199973612019998        0.0000000000000000        0.0000000000000000        9.7157992989708552E-004
 -0.13267326732673265        0.0000000000000000      -0.10049751243781098      -0.10049751243781098       0.61195745721335626        0.0000000000000000        0.0000000000000000        9.8958825488403403E-004
 -0.13267326732673265        0.0000000000000000      -0.10049751243781098      -0.10049751243781098       0.61190108533756460        0.0000000000000000        0.0000000000000000        1.0138144247295378E-003
 -0.13267326732673265        0.0000000000000000      -0.10049751243781098      -0.10049751243781098       0.61183062049282511        0.0000000000000000        0.0000000000000000        1.0444215027729264E-003
 -0.13267326732673265        0.0000000000000000      -0.10049751243781098      -0.10049751243781098       0.61174606267913756        0.0000000000000000        0.0000000000000000        1.0816104113467962E-003
 -0.13267326732673265        0.0000000000000000      -0.10049751243781098      -0.10049751243781098       0.61164741189650218        0.0000000000000000        0.0000000000000000        1.1256201461817307E-003
 -0.13267326732673265        0.0000000000000000      -0.10049751243781098      -0.10049751243781098       0.61153466814491897        0.0000000000000000        0.0000000000000000        1.1767272129082982E-003
 -0.13267326732673265        0.0000000000000000      -0.10049751243781098      -0.10049751243781098       0.61140783142438782        0.0000000000000000        0.0000000000000000        1.2352445322504834E-003
 -0.13267326732673265        0.0000000000000000      -0.10049751243781098      -0.10049751243781098       0.61126690173490872        0.0000000000000000        0.0000000000000000        1.3015198507512189E-003
 -0.13267326732673265        0.0000000000000000      -0.10049751243781098      -0.10049751243781098       0.61111187907648168        0.0000000000000000        0.0000000000000000        1.3759336100306395E-003
 -0.13267326732673265        0.0000000000000000      -0.10049751243781098      -0.10049751243781098       0.61094276344910681        0.0000000000000000        0.0000000000000000        1.4588961869196123E-003
 -0.13267326732673265        0.0000000000000000      -0.10049751243781098      -0.10049751243781098       0.61075955485278388        0.0000000000000000        0.0000000000000000        1.5508443912785933E-003
 -0.13267326732673265        0.0000000000000000      -0.10049751243781098      -0.10049751243781098       0.61056225328751323        0.0000000000000000        0.0000000000000000        1.6522370884024069E-003
 -0.13267326732673265        0.0000000000000000      -0.10049751243781098      -0.10049751243781098       0.61035085875329453        0.0000000000000000        0.0000000000000000        1.7635497952752965E-003
 -0.13267326732673265        0.0000000000000000      -0.10049751243781098      -0.10049751243781098       0.61012537125012800        0.0000000000000000        0.0000000000000000        1.8852680834069296E-003
 -0.13267326732673265        0.0000000000000000      -0.10049751243781098      -0.10049751243781098       0.60988579077801353        0.0000000000000000        0.0000000000000000        2.0178796052405198E-003
 -0.13267326732673265        0.0000000000000000      -0.10049751243781098      -0.10049751243781098       0.60963211733695122        0.0000000000000000        0.0000000000000000        2.1618645462618672E-003
 -0.13267326732673265        0.0000000000000000      -0.10049751243781098      -0.10049751243781098       0.60936435092694086        0.0000000000000000        0.0000000000000000        2.3176842912419294E-003
 -0.13267326732673265        0.0000000000000000      -0.10049751243781098      -0.10049751243781098       0.60908249154798277        0.0000000000000000        0.0000000000000000        2.4857680809255225E-003
 -0.13267326732673265        0.0000000000000000      -0.10049751243781098      -0.10049751243781098       0.60878653920007664        0.0000000000000000        0.0000000000000000        2.6664974254147302E-003
 -0.13267326732673265        0.0000000000000000      -0.10049751243781098      -0.10049751243781098       0.60847649388322267        0.0000000000000000        0.0000000000000000        2.8601880329897885E-003
 -0.13267326732673265        0.0000000000000000      -0.10049751243781098      -0.10049751243781098       0.60815235559742065        0.0000000000000000        0.0000000000000000        3.0670690086292422E-003
 -0.13267326732673265        0.0000000000000000      -0.10049751243781098      -0.10049751243781098       0.60781412434267090        0.0000000000000000        0.0000000000000000        3.2872590753841948E-003
 -0.13267326732673265        0.0000000000000000      -0.10049751243781098      -0.10049751243781098       0.60746180011897311        0.0000000000000000        0.0000000000000000        3.5207395741425943E-003
 -0.13267326732673265        0.0000000000000000      -0.10049751243781098      -0.10049751243781098       0.60709538292632748        0.0000000000000000        0.0000000000000000        3.7673240029024177E-003
 -0.13267326732673265        0.0000000000000000      -0.10049751243781098      -0.10049751243781098       0.60671487276473390        0.0000000000000000        0.0000000000000000        4.0266238645441091E-003
 -0.13267326732673265        0.0000000000000000      -0.10049751243781098      -0.10049751243781098       0.60632026963419250        0.0000000000000000        0.0000000000000000        4.2980106004342766E-003
 -0.13267326732673265        0.0000000000000000      -0.10049751243781098      -0.10049751243781098       0.60591157353470315        0.0000000000000000        0.0000000000000000        4.5805733930134864E-003
 -0.13267326732673265        0.0000000000000000      -0.10049751243781098      -0.10049751243781098       0.60548878446626586        0.0000000000000000        0.0000000000000000        4.8730726194627138E-003
 -0.13267326732673265        0.0000000000000000      -0.10049751243781098      -0.10049751243781098       0.60505190242888063        0.0000000000000000        0.0000000000000000        5.1738887269230961E-003
 -0.13267326732673265        0.0000000000000000      -0.10049751243781098      -0.10049751243781098       0.60460092742254756        0.0000000000000000        0.0000000000000000        5.4809662719817005E-003
 -0.13267326732673265        0.0000000000000000      -0.10049751243781098      -0.10049751243781098       0.60413585944726655        0.0000000000000000        0.0000000000000000        5.7917528634099935E-003
 -0.13267326732673265        0.0000000000000000      -0.10049751243781098      -0.10049751243781098       0.60365669850303760        0.0000000000000000        0.0000000000000000        6.1031327646691499E-003
 -0.13267326732673265        0.0000000000000000      -0.10049751243781098      -0.10049751243781098       0.60316344458986082        0.0000000000000000        0.0000000000000000        6.4113554074831615E-003
 -0.13267326732673265        0.0000000000000000      -0.10049751243781098      -0.10049751243781098       0.60265609770773598        0.0000000000000000        0.0000000000000000        6.7119619000139269E-003
 -0.13267326732673265        0.0000000000000000      -0.10049751243781098      -0.10049751243781098       0.60213465785666342        0.0000000000000000        0.0000000000000000        6.9997067798286535E-003
 -0.13267326732673265        0.0000000000000000      -0.10049751243781098      -0.10049751243781098       0.60159912503664281        0.0000000000000000        0.0000000000000000        7.2685924475408706E-003
 -0.13267326732673265        0.0000000000000000      -0.10049751243781098      -0.10049751243781098       0.60104949924767437        0.0000000000000000        0.0000000000000000        7.5115574933873868E-003
 -0.13267326732673265        0.0000000000000000      -0.10049751243781098      -0.10049751243781098       0.60048578048975798        0.0000000000000000        0.0000000000000000        7.7236285079113664E-003
 -0.13267326732673265        0.0000000000000000      -0.10049751243781098      -0.10049751243781098       0.59990796876289365        0.0000000000000000        0.0000000000000000        7.8910878016621635E-003
 -0.13267326732673265        0.0000000000000000      -0.10049751243781098        0.0000000000000000       0.49881855162927052        0.0000000000000000        0.0000000000000000        8.0397682694983690E-003
   0.0000000000000000        0.0000000000000000        0.0000000000000000        0.0000000000000000        1.0000000000000000        0.0000000000000000        0.0000000000000000        0.0000000000000000     
   0.0000000000000000        0.0000000000000000        0.0000000000000000        0.0000000000000000        1.0000000000000000        0.0000000000000000        0.0000000000000000        0.0000000000000000     
   0.0000000000000000        0.0000000000000000        0.0000000000000000        0.0000000000000000        1.0000000000000000        0.0000000000000000        0.0000000000000000        0.0000000000000000     
   0.0000000000000000        0.0000000000000000        0.0000000000000000        0.0000000000000000        1.0000000000000000        0.0000000000000000        0.0000000000000000        0.0000000000000000     
   0.0000000000000000        0.0000000000000000        0.0000000000000000        0.0000000000000000        1.0000000000000000        0.0000000000000000        0.0000000000000000        0.0000000000000000     
   0.0000000000000000        0.0000000000000000        0.0000000000000000        0.0000000000000000        1.0000000000000000        0.0000000000000000        0.0000000000000000        0.0000000000000000     
   0.0000000000000000        0.0000000000000000        0.0000000000000000        0.0000000000000000        1.0000000000000000        0.0000000000000000        0.0000000000000000        0.0000000000000000     
   0.0000000000000000        0.0000000000000000        0.0000000000000000        0.0000000000000000        1.0000000000000000        0.0000000000000000        0.0000000000000000        0.0000000000000000     
   0.0000000000000000        0.0000000000000000        0.0000000000000000        0.0000000000000000        1.0000000000000000        0.0000000000000000        0.0000000000000000        0.0000000000000000     
   0.0000000000000000        0.0000000000000000        0.0000000000000000        0.0000000000000000        1.0000000000000000        0.0000000000000000        0.0000000000000000        0.0000000000000000     
   0.0000000000000000        0.0000000000000000        0.0000000000000000        0.0000000000000000        1.0000000000000000        0.0000000000000000        0.0000000000000000        0.0000000000000000     
   0.0000000000000000        0.0000000000000000        0.0000000000000000        0.0000000000000000        1.0000000000000000        0.0000000000000000        0.0000000000000000        0.0000000000000000     
   0.0000000000000000        0.0000000000000000        0.0000000000000000        0.0000000000000000        1.0000000000000000        0.0000000000000000        0.0000000000000000        0.0000000000000000     
   0.0000000000000000        0.0000000000000000        0.0000000000000000        0.0000000000000000        1.0000000000000000        0.0000000000000000        0.0000000000000000        0.0000000000000000     
  -1.0000000000000000        0.0000000000000000        0.0000000000000000        0.0000000000000000        1.0000000000000000        0.0000000000000000        0.0000000000000000       0.15207931781288878     
  -1.0000000000000000        0.0000000000000000        0.0000000000000000        0.0000000000000000        1.0000000000000000        0.0000000000000000        0.0000000000000000       0.15329207130671324     
  -1.0000000000000000        0.0000000000000000        0.0000000000000000        0.0000000000000000        1.0000000000000000        0.0000000000000000        0.0000000000000000       0.15541426364049199     
  -1.0000000000000000        0.0000000000000000        0.0000000000000000        0.0000000000000000        1.0000000000000000        0.0000000000000000        0.0000000000000000       0.15824982708319243     
  -1.0000000000000000        0.0000000000000000        0.0000000000000000        0.0000000000000000        1.0000000000000000        0.0000000000000000        0.0000000000000000       0.16166151754737634     
  -1.0000000000000000        0.0000000000000000        0.0000000000000000        0.0000000000000000        1.0000000000000000        0.0000000000000000        0.0000000000000000       0.16554671269032939     
  -1.0000000000000000        0.0000000000000000        0.0000000000000000        0.0000000000000000        1.0000000000000000        0.0000000000000000        0.0000000000000000       0.16982466628850151     
  -1.0000000000000000        0.0000000000000000        0.0000000000000000        0.0000000000000000        1.0000000000000000        0.0000000000000000        0.0000000000000000       0.17442928914328704     
  -1.0000000000000000        0.0000000000000000        0.0000000000000000        0.0000000000000000        1.0000000000000000        0.0000000000000000        0.0000000000000000       0.17930477509193871     
  -1.0000000000000000        0.0000000000000000        0.0000000000000000        0.0000000000000000        1.0000000000000000        0.0000000000000000        0.0000000000000000       0.18440280573812620     
  -1.0000000000000000        0.0000000000000000        0.0000000000000000        0.0000000000000000        1.0000000000000000        0.0000000000000000        0.0000000000000000       0.18968069191671028     
  -1.0000000000000000        0.0000000000000000        0.0000000000000000        0.0000000000000000        1.0000000000000000        0.0000000000000000        0.0000000000000000       0.19510010152485269     
  -1.0000000000000000        0.0000000000000000        0.0000000000000000        0.0000000000000000        1.0000000000000000        0.0000000000000000        0.0000000000000000       0.20062616970761427     
  -1.0000000000000000        0.0000000000000000        0.0000000000000000        0.0000000000000000        1.0000000000000000        0.0000000000000000        0.0000000000000000       0.20622686616016908     
  -1.0000000000000000        0.0000000000000000        0.0000000000000000        0.0000000000000000        1.0000000000000000        0.0000000000000000        0.0000000000000000       0.21187253935202666     
  -1.0000000000000000        0.0000000000000000        0.0000000000000000        0.0000000000000000        1.0000000000000000        0.0000000000000000        0.0000000000000000       0.21753558455869745     
  -1.0000000000000000        0.0000000000000000        0.0000000000000000        0.0000000000000000        1.0000000000000000        0.0000000000000000        0.0000000000000000       0.22319019955642186     
  -1.0000000000000000        0.0000000000000000        0.0000000000000000        0.0000000000000000        1.0000000000000000        0.0000000000000000        0.0000000000000000       0.22881220284755457     
  -1.0000000000000000        0.0000000000000000        0.0000000000000000        0.0000000000000000        1.0000000000000000        0.0000000000000000        0.0000000000000000       0.23437889664552794     
  -1.0000000000000000        0.0000000000000000        0.0000000000000000        0.0000000000000000        1.0000000000000000        0.0000000000000000        0.0000000000000000       0.23986896189618725     
  -1.0000000000000000        0.0000000000000000        0.0000000000000000        0.0000000000000000        1.0000000000000000        0.0000000000000000        0.0000000000000000       0.24526237614902555     
  -1.0000000000000000        0.0000000000000000        0.0000000000000000        0.0000000000000000        1.0000000000000000        0.0000000000000000        0.0000000000000000       0.25054034761319499     
  -1.0000000000000000        0.0000000000000000        0.0000000000000000        0.0000000000000000        1.0000000000000000        0.0000000000000000        0.0000000000000000       0.25568526055290330     
  -1.0000000000000000        0.0000000000000000        0.0000000000000000        0.0000000000000000        1.0000000000000000        0.0000000000000000        0.0000000000000000       0.26068062849699464     
  -1.0000000000000000        0.0000000000000000        0.0000000000000000        0.0000000000000000        1.0000000000000000        0.0000000000000000        0.0000000000000000       0.26551105268895664     
  -1.0000000000000000        0.0000000000000000        0.0000000000000000        0.0000000000000000        1.0000000000000000        0.0000000000000000        0.0000000000000000       0.27016218386883611     
  -1.0000000000000000        0.0000000000000000        0.0000000000000000        0.0000000000000000        1.0000000000000000        0.0000000000000000        0.0000000000000000       0.27462068590392230     
  -1.0000000000000000        0.0000000000000000        0.0000000000000000        0.0000000000000000        1.0000000000000000        0.0000000000000000        0.0000000000000000       0.27887419998426988     
  -1.0000000000000000        0.0000000000000000        0.0000000000000000        0.0000000000000000        1.0000000000000000        0.0000000000000000        0.0000000000000000       0.28291130804800280     
  -1.0000000000000000        0.0000000000000000        0.0000000000000000        0.0000000000000000        1.0000000000000000        0.0000000000000000        0.0000000000000000       0.28672149372039291     
  -1.0000000000000000        0.0000000000000000        0.0000000000000000        0.0000000000000000        1.0000000000000000        0.0000000000000000        0.0000000000000000       0.29029509816358573     
  -1.0000000000000000        0.0000000000000000        0.0000000000000000        0.0000000000000000        1.0000000000000000        0.0000000000000000        0.0000000000000000       0.29362326648256198     
  -1.0000000000000000        0.0000000000000000        0.0000000000000000        0.0000000000000000        1.0000000000000000        0.0000000000000000        0.0000000000000000       0.29669787700403927     
  -1.0000000000000000        0.0000000000000000        0.0000000000000000        0.0000000000000000        1.0000000000000000        0.0000000000000000        0.0000000000000000       0.29951143917805195     
  -1.0000000000000000        0.0000000000000000        0.0000000000000000        0.0000000000000000        1.0000000000000000        0.0000000000000000        0.0000000000000000       0.30205693378719400     
  -1.0000000000000000        0.0000000000000000        0.0000000000000000        0.0000000000000000        1.0000000000000000        0.0000000000000000        0.0000000000000000       0.30432753859693124     
  -1.0000000000000000        0.0000000000000000        0.0000000000000000        0.0000000000000000        1.0000000000000000        0.0000000000000000        0.0000000000000000       0.30631614123114553     
  -1.0000000000000000        0.0000000000000000        0.0000000000000000        0.0000000000000000        1.0000000000000000        0.0000000000000000        0.0000000000000000       0.30801436006698624     
  -1.0000000000000000        0.0000000000000000        0.0000000000000000        0.0000000000000000        1.0000000000000000        0.0000000000000000        0.0000000000000000       0.30941040884221738     
  -1.0000000000000000        0.0000000000000000        0.0000000000000000        0.0000000000000000        1.0000000000000000        0.0000000000000000        0.0000000000000000       0.31048636019780129     
  -1.0000000000000000        0.0000000000000000        0.0000000000000000        0.0000000000000000        1.0000000000000000        0.0000000000000000        0.0000000000000000       0.31119159100207361     
  -1.0000000000000000        0.0000000000000000        0.0000000000000000        0.0000000000000000        1.0000000000000000        0.0000000000000000        0.0000000000000000       0.31152316923381923     
  -1.0000000000000000        0.0000000000000000        0.0000000000000000        0.0000000000000000        1.0000000000000000        0.0000000000000000        0.0000000000000000       0.31073447202195836     
  -1.0000000000000000        0.0000000000000000        0.0000000000000000        0.0000000000000000        1.0000000000000000        0.0000000000000000        0.0000000000000000       0.30871063939280519     
